2  0.830246108110063  0.2516363948398306  0.11198692916879782  0.1593947502070997
0  0.6294625024227358  0.5691984072030789  0.1576563339362701  0.35026920395945826
0  0.835975674628992  0.5390181655990219  0.32804865074201595  0.7755072428101939
1  0.6301652715822635  0.6378357974835114  0.03442729534704503  0.039466008898269234
1  0.8788847940085914  0.7967866373492366  0.07653212864172043  0.07764965549395275
2  0.6042802706773462  0.4270519170131291  0.03787151577658332  0.05268101796470415
0  0.4112606907532149  0.5815632732815662  0.11789832341202172  0.25039642581085325
2  0.3911457524315323  0.4852519680193338  0.030101877780317143  0.04493333679683548
2  0.012133046239916123  0.47411751444464434  0.024266092479832246  0.11593114804280885
0  0.08138010812903151  0.6700964484858891  0.16276021625806303  0.5241656857581503
