0  0.1806632643450224  0.5491756344159242  0.3613265286900448  0.9016487311681516
2  0.361341392430019  0.2687795259416805  0.07201858257554505  0.11460724393937105
0  0.8139038339536362  0.36820119428003906  0.09747427432856581  0.2509875832585256
1  0.10961511195094678  0.9678219297492634  0.10699178415615557  0.0643561405014732
2  0.08823968342910982  0.22703421493813492  0.12685508795850264  0.20484331190495464
0  0.4007543853650567  0.552869582944566  0.2606398993827426  0.7045620205828326
3  0.5956916871086011  0.27455575248343644  0.03389927278615057  0.05182129541146735
2  0.808019812286741  0.2664709854282751  0.027271164433370743  0.0392369473605107
0  0.6072242361755754  0.4033389548703077  0.11926390243541385  0.32917234693719943
1  0.37753841611094346  0.6451524122444527  0.05871123479011198  0.0582882454812923
1  0.8064579959171772  0.3972110543957793  0.020249374020864797  0.020722227923000658
1  0.6084644026436573  0.45127753324025355  0.027358677691270428  0.02842818724446511
